00100613
10400393
11000813
11c00793
ffc3a703
00000317
020300e7
02000793
0007a483
0047a503
0087a583
00000013
04c000ef
04070263
00000593
0003a483
00082503
00050e63
00c576b3
00c69463
009585b3
00c55533
00c494b3
fe9ff06f
00b7a023
00438393
00480813
00478793
40c70733
fc1ff06f
00008067
00000013
00000317
ffc30067
@40
00000003
00000003
00000005
0000000a
0000000d
00000005
00000006
00000000
00000000
00000000
00000000
00000000
00000000
00000000
00000000
00000000
00000000
00000000
00000000
00000000
00000000
00000000
00000000
00000000
00000000
00000000
00000000
00000000
00000000
00000000
00000000
00000000
00000000
00000000
00000000
00000000
00000000
00000000
00000000
00000000
00000000
00000000
00000000
00000000
00000000
00000000
00000000
00000000
00000000
00000000
00000000
00000000
00000000
00000000
00000000
00000000
00000000
00000000
00000000
00000000
00000000
00000000
00000000
00000000
00000000
00000000
00000000
00000000
00000000
00000000
00000000
00000000
00000000
00000000
00000000
00000000
00000000
00000000
00000000
00000000
00000000
00000000
00000000
00000000
00000000
00000000
00000000
00000000
00000000
00000000
00000000
00000000
