00400393
00800413
0003a483
00042503
00000593
00100613
00000317
01c300e7
00c00793
00b7a023
0007a583
00000013
0240006f
00050e63
00c576b3
00c69463
009585b3
00c55533
00c494b3
fe9ff06f
00008067
00000013
00000317
ffc30067
00000000
00000000
00000000
00000000
00000000
00000000
00000000
00000000
00000000
00000000
00000000
00000000
00000000
00000000
00000000
00000000
00000000
00000000
00000000
00000000
00000000
00000000
00000000
00000000
00000000
00000000
00000000
00000000
00000000
00000000
00000000
00000000
00000000
00000000
00000000
00000000
00000000
00000000
00000000
00000000
